160114735148
160114735143
160114735142
160114735141
160114735147
160114735146
160114735144
160114735122
160114735048
160114735042
160114735043
160114735041
160114735129
160114735128
160114735123
160114734308
160114735309
160114735308
160114735132
160114735133
160114735130
160114735131
160114735136
160114735137
160114735134
160114735135
160114735139
160114735318
160114735319
160114735312
160114735313
160114735310
160114735311
160114735316
160114735057
160114735314
160114735315
160114735056
160114735051
160114735053
160114735009
160114735004
160114735005
160114735002
160114735317
160114735010
160114735176
160114735177
160114735174
160114735175
160114735172
160114735173
160114735170
160114735171
160114735015
160114735178
160114735014
160114735017
160114735016
160114735054
160114735050
160114735052
160114735059
160114735058
160114735179
160114735046
160114735047
160114734118
160114734113
160114734112
160114734111
160114734110
160114734117
160114734116
160114734114
160114735086
160114735084
160114735085
160114735082
160114735083
160114735080
160114735081
160114735125
160114735124
160114735126
160114735121
160114735120
160114735088
160114735089
160114734309
160114734302
160114734303
160114734301
160114734306
160114734307
160114734304
160114734305
160114735305
160114735304
160114735307
160114735306
160114735068
160114735069
160114735303
160114735302
160114735064
160114735065
160114735066
160114735060
160114735061
160114735062
160114735063
160114735019
160114735011
160114735013
160114735049
160114735087
160114735032
160114735161
160114735160
160114735163
160114735162
160114735165
160114735164
160114735167
160114735169
160114735168
160114735034
160114735028
160114735029
160114735182
160114735180
160114735006
160114735007
160114735003
160114735115
160114735116
160114735110
160114735111
160114735112
160114735113
160114735001
160114735118
160114734120
160114735138
160114735159
160114735092
160114735158
160114735090
160114735093
160114735095
160114735094
160114735097
160114735096
160114735099
160114735098
160114735152
160114735156
160114735157
160114734315
160114734314
160114734317
160114734316
160114734311
160114734310
160114734313
160114734312
160114735108
160114734319
160114734318
160114735079
160114735078
160114735076
160114735075
160114735074
160114735073
160114735072
160114735071
160114735070
160114735166
160114735150
160114735151
160114735033
160114735020
160114735030
160114735037
160114735036
160114735035
160114735021
160114735039
160114735038
160114735022
160114735023
160114735024
160114735025
160114735026
160114735027
160114735106
160114735105
160114735104
160114735103
160114735102
160114735100
160114734324
160114734320
160114734321
160114734322
160114734323
160114735320
160114735301
