160113734064
160114732014
160114732017
160114732013
160114732018
160114732019
160114732061
160114732063
160114732062
160114732065
160114732064
160114732067
160114732066
160114732069
160113735100
160113805018
160114732088
160114732087
160113805015
160114732085
160114732084
160114732083
160114732082
160114732081
160114732080
160111733124
160114732058
160114732050
160114732051
160114732055
160114732056
160114732057
160113802310
160114732308
160114732309
160114732304
160114732305
160114732306
160114732307
160114732301
160114732302
160114732303
160114732007
160114732005
160114732004
160114732003
160114732001
160113733081
160114732009
160114732008
160113736113
160113735018
160114732048
160114732042
160114732047
160114732046
160114732045
160114732044
160113734044
160113737014
160114732319
160114732317
160114732316
160114732315
160114732314
160114732313
160114732312
160114732311
160114732310
160113738033
160113737303
160113802305
160114732032
160114732033
160114732030
160114732031
160114732036
160114732037
160114732034
160114732035
160114732039
160114732108
160114732109
160114732106
160114732104
160114732105
160114732102
160114732103
160114732101
160113738044
160114732076
160114732077
160114732074
160114732075
160114732072
160114732073
160114732070
160114732071
160114732078
160114732098
160114732099
160114732094
160114732095
160114732097
160114732090
160114732091
160114732092
160114732119
160114732111
160114732113
160114732112
160114732114
160114732117
160113805021
160113737040
160113737044
160114732029
160114732024
160114732027
160114732020
