160114737308
160115862016
160114736036
160114736037
160114736034
160114736033
160114736030
160114736031
160114736038
160114736039
160114734038
160114736066
160114734031
160114734032
160114734033
160114734034
160114734035
160114734036
160114734037
160114737048
160114737049
160114737044
160114737046
160114737047
160114737041
160114733084
160114733087
160114733080
160114733081
160114733083
160114733088
160114733163
160114733162
160114733160
160114733167
160114733165
160114733164
160114733168
160114736102
160114736103
160114736100
160114736101
160114736106
160114736107
160114736104
160114736105
160114733018
160114733017
160114733015
160114733013
160114733012
160114733011
160114736301
160114736304
160114736305
160114736306
160115862039
160115862031
160115862030
160115862036
160114733332
160114733333
160114733330
160114733331
160114733336
160114733334
160114733335
160114735334
160114737003
160114737005
160114737007
160114737008
160114737009
160114805043
160114735336
160114735330
160114735331
160114736069
160114736068
160114736065
160114736064
160114736067
160114735333
160114736061
160114736060
160114736063
160114736062
160114734108
160114734109
160114734100
160114734101
160114734102
160114734103
160114734104
160114734105
160114734106
160114734107
160114734067
160114734066
160114734065
160114734064
160114734063
160114734062
160114734061
160114734060
160114734069
160114734068
160114733053
160114737303
160114733051
160114733119
160114733057
160114733056
160114733054
160114733112
160114733113
160114733110
160114733058
160114733116
160114733117
160114733114
160114733115
160114737307
160114737306
160114736090
160114736091
160114736092
160114736093
160114736094
160114736095
160114736096
160114736097
160114736098
160114737304
160114736324
160114736322
160114736323
160114736320
160115862041
160115862046
160115862045
160114736023
160114736022
160114736025
160114736024
160114736027
160114736029
160114736028
160114734029
160114734028
160114734023
160114734022
160114734027
160114734026
160114734025
160114734024
160114737059
160114737058
160114737056
160114737055
160114737054
160114737053
160114737052
160114737051
160114737050
160114733097
160114733094
160114733093
160114733092
160114733090
160114733156
160114733155
160114733152
160114733153
160114733099
160114736111
160114736054
160114736055
160114736056
160114736057
160114736051
160114736052
160114736053
160114805046
160114736058
160114734098
160114734099
160114734096
160114734097
160114734094
160114734095
160114734092
160114734093
160114734090
160114734091
160114733050
160114733023
160114733020
160114733021
160114733026
160114733024
160114733025
160115862047
160115862006
160115862005
160115862001
160115862008
160114737001
160114733329
160114736307
160114737013
160114737011
160114737010
160114737014
160114736010
160114736011
160114736013
160114736014
160114736015
160114733059
160114736017
160114734050
160114734051
160114734056
160114733328
160114733325
160114733324
160114734058
160114734059
160114733321
160114733320
160114733323
160114733322
160114733068
160114733066
160114733067
160114733064
160114733062
160114733060
160114733061
160114733105
160114733104
160114733107
160114733101
160114733100
160114733103
160114733109
160114733108
160114736120
160114736083
160114736082
160114736081
160114736080
160114736086
160114736085
160114736084
160114736089
160114737310
160114735327
160114733314
160114733315
160114733317
160114733310
160114733313
160114733318
160114733319
160114735324
160115862025
160114734016
160114734017
160114734014
160114734015
160114734012
160114734013
160114734010
160114734011
160114734018
160114734019
160114737017
160114737060
160114733149
160114733148
160114733141
160114733140
160114733143
160114733142
160114733145
160114733147
160114733146
160114736047
160114736046
160114736045
160114736044
160114736043
160114736042
160114736041
160114736040
160114736048
160114734089
160114734088
111111111112
160114734081
160114734080
160114734083
160114734085
160114734084
160114734086
160114735322
160114733138
160114733030
160114733032
160114733134
160114733135
160114733136
160114736317
160114733039
160114733038
160114737301
160114736316
160115862011
160115862013
160115862015
160115862014
160115862017
160114736303
160114736308
160114735335
160114735332
160114737305
160114737028
160114737029
160114737026
160114737025
160114737022
160114737020
160114737021
160114736016
160114736009
160114736008
160114736003
160114736002
160114736001
160114736007
160114736006
160114736005
160114736004
160114734049
160114734048
160114734044
160114734047
160114734041
160114734040
160114734043
160114734042
160114733078
160114733071
160114733070
160114733073
160114733072
160114733075
160114733074
160114733076
160114733171
160114733172
160114733174
160114733176
160114733177
160114733178
160114733179
160114736312
160114736310
160114733184
160114733180
160114733183
160114734057
160114736314
160114737309
160114733009
160114733004
160114733005
160114733006
160114733007
160114733327
160114736113
160114733326
160114733031
160115862028
160115862021
160115862022
160115862026
160115862027
160114733131
160114735325
160114733307
160114733306
160114733305
160114733304
160114733303
160114733302
160114733301
160114733309
160114733308
160114734001
160114734003
160114734005
160114734004
160114734007
160114734008
160114733095
160114732322
160114732323
160114732320
160114732321
160114736072
160114736073
160114736071
160114736077
160114736074
160114736075
160114737302
160114736079
160114734076
160114734077
160114734070
160114734071
160114734072
160114734078
160114736302
160114733040
160114733041
160114733042
160114733043
160114733044
160114733150
160114733129
160114733047
160114733127
160114733049
160114733125
160114733123
160114733122
160114733120
160114736119
160114736115
160114736114
160114736117
160114736116
160114736110
160114736313
160114736319
160114735329
160114735328
160114735326
160114735323
160114737039
160114737038
160114737030
160114737033
160114737032
160114737035
160114737034
160114737037
160114737036
