160114805035
160114738019
160114805037
160114802043
160114802047
160114802049
160114805027
160114805024
160114805025
160114805020
160114805021
160114738026
160114738017
160114738014
160114802034
160114802036
160114802037
160114802030
160114802032
160114738032
160114738312
160114802026
160114738004
160114738008
160114802020
160114805041
111111111111
160114802016
160114802046
160114802029
160114805029
160114738049
160114738041
160114738040
160114738042
160114738020
160114805022
160114805030
160114805036
160114738306
160114738027
160114802025
160114802024
160114802023
160114802021
160114738025
160114805042
160114738307
160114802042
160114802045
160114738045
160114805003
160114805007
160114805008
160114737311
160114737312
160114805012
160114805011
160114738028
160114805015
160114805014
160114738022
160114738021
160114738311
160114802305
160114802308
160114802012
160114802013
160114802011
160114802014
160114805034
160114738036
160114738037
160114802015
160114738005
160114738007
160114738006
160114738001
160114738003
160114738002
160114738055
160114802051
160114738051
160114738305
160114738302
160114738303
160114802017
160114738301
160114802018
160114805018
160114802019
160114738012
160114738013
160114738010
160114738011
160114738015
160114805001
160114805002
160114805004
160114805005
160114802311
160114805039
160114805006
160114743086
160114738309
160114738033
160114805032
160114802009
160114802008
160114802005
160114802004
160114802001
160114802002
160114738304
160114738009
160114738054
160114738053
160114738050
160114802038
